Iter | Sampling Pol | Evaluation Pol | Best (Sampled) 
   0 -1.48 -3.91 -100000000.00 
   1 -3.10 -3.96 -1.48 
   2 -1.85 -2.18 -1.48 
   3  3.50 -1.78 -1.48 
   4 -2.07 -1.25  3.50 
   5 -1.86 -0.24  3.50 
   6  0.42  0.35  3.50 
   7 -1.72 -1.86  3.50 
   8  1.95 -0.02  3.50 
   9  0.17 -1.81  3.50 
  10  3.16  4.53  3.50 
  11 -0.94 -3.36  3.50 
  12  3.91 -4.22  3.50 
  13  0.12  6.50  3.91 
  14  0.55 -0.79  3.91 
  15  5.75  0.31  3.91 
  16  1.73  2.48  5.75 
  17  4.85 -0.90  5.75 
  18  2.92 12.49  5.75 
  19  0.92 -0.29  5.75 
  20 -0.01  1.30  5.75 
  21  3.80  8.13  5.75 
  22 10.73  1.60  5.75 
  23  6.14  7.61 10.73 
  24  7.78 39.46 10.73 
  25  7.30 19.90 10.73 
  26  8.39 41.15 10.73 
  27 12.10  8.01 10.73 
  28  6.74 24.02 12.10 
  29  6.25 16.21 12.10 
  30  6.47 15.27 12.10 
  31 18.51  4.39 12.10 
  32 10.61  5.34 18.51 
  33  6.33  3.02 18.51 
  34 18.42  3.28 18.51 
  35 15.77  6.88 18.51 
  36 25.55 31.21 18.51 
  37 16.94 90.59 25.55 
  38 20.99 36.31 25.55 
  39 38.83 31.67 25.55 
  40 28.42 20.46 38.83 
  41 27.98 20.89 38.83 
  42 36.55 58.59 38.83 
  43 30.26 10.89 38.83 
  44 42.31 17.00 38.83 
  45 42.34 23.84 42.31 
  46 56.43 -0.75 42.34 
  47 86.20 29.39 56.43 
  48 76.63 87.69 86.20 
  49 66.66 64.97 86.20 
  50 51.39 124.19 86.20 
  51 75.00 183.54 86.20 
  52 84.95 137.85 86.20 
  53 79.00 226.29 86.20 
  54 92.33 153.91 86.20 
  55 116.08 114.38 92.33 
  56 107.29 143.42 116.08 
  57 118.58 221.15 116.08 
  58 147.25 250.43 118.58 
  59 151.83 154.23 147.25 
  60 111.53 202.50 151.83 
  61 155.10 194.39 151.83 
  62 149.67 157.48 155.10 
  63 196.37 165.55 155.10 
  64 230.99 223.19 196.37 
  65 176.40 379.83 230.99 
  66 212.40 242.77 230.99 
  67 355.91 274.96 230.99 
  68 284.46 190.54 355.91 
  69 225.79 154.85 355.91 
  70 390.46 237.99 355.91 
  71 343.15 461.53 390.46 
  72 471.02 691.95 390.46 
  73 482.92 474.09 471.02 
  74 555.96 600.73 482.92 
  75 648.35 926.14 555.96 
  76 758.51 609.12 648.35 
  77 795.49 539.06 758.51 
  78 878.04 713.91 795.49 
  79 832.94 838.15 878.04 
  80 966.37 884.54 878.04 
  81 1075.82 712.71 966.37 
  82 1131.78 889.91 1075.82 
  83 1189.67 1084.60 1131.78 
  84 1297.74 948.84 1189.67 
  85 1204.72 917.71 1297.74 
  86 1343.16 1182.88 1297.74 
  87 1593.51 1431.73 1343.16 
  88 1615.93 1368.95 1593.51 
  89 1747.02 1455.43 1615.93 
  90 1815.95 1669.82 1747.02 
  91 1847.56 1671.60 1815.95 
  92 1950.84 2041.15 1847.56 
  93 1970.44 1787.79 1950.84 
  94 2033.03 1933.27 1970.44 
  95 2132.30 1893.54 2033.03 
  96 2311.65 1768.06 2132.30 
  97 2244.07 1777.65 2311.65 
  98 2290.08 1677.14 2311.65 
  99 2398.23 1858.16 2311.65 
 100 2393.30 2035.29 2398.23 
 101 2590.20 1825.53 2398.23 
 102 2809.41 2076.39 2590.20 
 103 2657.59 2295.98 2809.41 
 104 2658.99 2173.65 2809.41 
 105 2783.32 2723.55 2809.41 
 106 2930.47 2615.48 2809.41 
 107 2811.87 2930.02 2930.47 
 108 3001.12 2697.64 2930.47 
 109 3113.14 2612.08 3001.12 
 110 3199.77 2783.47 3113.14 
 111 3071.25 3070.65 3199.77 
 112 3233.98 3179.42 3199.77 
 113 3164.37 2649.21 3233.98 
 114 3066.53 3108.26 3233.98 
 115 3283.91 3286.76 3233.98 
 116 3335.27 3324.47 3283.91 
 117 3303.00 3249.79 3335.27 
 118 3293.86 3033.16 3335.27 
 119 3349.08 3005.44 3335.27 
 120 3164.30 3070.93 3349.08 
 121 3495.60 3361.86 3349.08 
 122 3458.95 3251.34 3495.60 
 123 3470.34 3257.79 3495.60 
 124 3583.16 3277.32 3495.60 
 125 3575.16 3497.41 3583.16 
 126 3698.43 3671.85 3583.16 
 127 3540.29 3562.54 3698.43 
 128 3695.74 3853.12 3698.43 
 129 3571.51 3955.80 3698.43 
 130 3563.32 3352.61 3698.43 
 131 3767.29 3629.56 3698.43 
 132 3775.28 3638.42 3767.29 
 133 3742.05 3576.32 3775.28 
 134 3887.33 3737.84 3775.28 
 135 3821.84 3665.59 3887.33 
 136 3658.39 3687.30 3887.33 
 126 3565.37 3352.64 -100000000.00 
 127 3446.60 3471.58 3565.37 
 128 3530.51 3692.70 3565.37 
 129 3506.23 3741.13 3565.37 
 130 3523.72 3617.95 3565.37 
 131 3739.83 3727.04 3565.37 
 132 3702.71 3722.06 3739.83 
 133 3651.02 3805.72 3739.83 
 134 3480.72 3919.31 3739.83 
 135 3629.59 3930.24 3739.83 
 136 3680.30 3719.87 3739.83 
 137 3614.53 3865.52 3739.83 
 138 3685.46 3916.09 3739.83 
 139 3508.31 3765.77 3739.83 
 140 3638.26 3727.58 3739.83 
 141 3575.67 3872.42 3739.83 
 142 3742.26 4098.41 3739.83 
 143 3804.91 3987.17 3742.26 
 144 3861.77 3999.56 3804.91 
 145 3753.25 4142.11 3861.77 
 146 3879.39 3861.23 3861.77 
 147 3936.60 3910.04 3879.39 
 148 3989.79 3970.40 3936.60 
 149 3821.07 4023.16 3989.79 
