Iter | Sampling Pol | Evaluation Pol | Best (Sampled) 
   0 -4.00 -4.54 -100000000.00 
   1 -3.74 -3.39 -4.00 
   2 -2.57 -2.43 -3.74 
   3 -1.11 -3.73 -2.57 
   4 -1.64 -3.60 -1.11 
   5 -1.28 -1.43 -1.11 
   6  1.70 -2.03 -1.11 
   7  0.78 -3.57  1.70 
   8  5.92 -3.04  1.70 
   9 -0.72 -3.08  5.92 
  10  3.85  1.02  5.92 
  11  0.36 -0.89  5.92 
  12  9.11 19.77  5.92 
  13  3.67  1.86  9.11 
  14 11.85  6.19  9.11 
  15  9.62  8.54 11.85 
  16 19.14 12.79 11.85 
  17 15.74  9.89 19.14 
  18 20.13  3.86 19.14 
  19 21.17  1.41 20.13 
  20 34.55 13.26 21.17 
  21 32.98 11.77 34.55 
  22 52.26 14.54 34.55 
  23 67.22 17.51 52.26 
  24 41.66 46.53 67.22 
  25 52.55 34.10 67.22 
  26 66.59 73.84 67.22 
  27 71.34 45.73 67.22 
  28 69.57 59.09 71.34 
  29 77.32 78.39 71.34 
  30 67.90 69.10 77.32 
  31 68.19 59.23 77.32 
  32 81.60 118.62 77.32 
  33 61.69 92.39 81.60 
  34 87.10 186.49 81.60 
  35 93.68 98.15 87.10 
  36 100.69 66.24 93.68 
  37 88.01 204.31 100.69 
  38 135.32 133.64 100.69 
  39 123.08 172.60 135.32 
  40 151.22 127.45 135.32 
  41 145.22 171.34 151.22 
  42 120.58 211.73 151.22 
  43 158.41 122.34 151.22 
  44 189.71 257.82 158.41 
  45 155.20 152.50 189.71 
  46 161.68 203.18 189.71 
  47 219.89 166.89 189.71 
  48 226.91 176.15 219.89 
  49 247.98 249.44 226.91 
  50 227.86 261.54 247.98 
  51 326.86 224.77 247.98 
  52 377.27 247.86 326.86 
  53 403.42 174.91 377.27 
  54 428.26 255.48 403.42 
  55 500.68 498.78 428.26 
  56 467.80 401.52 500.68 
  57 566.78 291.05 500.68 
  58 553.73 468.23 566.78 
  59 586.88 558.11 566.78 
  60 567.89 496.71 586.88 
  61 604.45 575.87 586.88 
  62 644.39 657.51 604.45 
  63 704.95 862.36 644.39 
  64 786.09 945.45 704.95 
  65 798.02 747.09 786.09 
  66 852.13 634.47 798.02 
  67 964.76 880.60 852.13 
  68 1078.82 1167.62 964.76 
  69 986.29 974.41 1078.82 
  70 1203.64 1176.25 1078.82 
  71 1228.74 1381.30 1203.64 
  72 1245.41 1331.30 1228.74 
  73 1282.39 1407.02 1245.41 
  74 1423.00 1628.46 1282.39 
  75 1493.14 1365.89 1423.00 
  76 1484.26 1320.44 1493.14 
  77 1626.62 1243.34 1493.14 
  78 1797.70 1612.34 1626.62 
  79 1691.90 1559.61 1797.70 
  80 1855.89 1450.40 1797.70 
  81 1767.95 1674.67 1855.89 
  82 1906.94 1918.33 1855.89 
  83 1916.71 1881.29 1906.94 
  84 2030.46 1967.44 1916.71 
  85 1953.36 2031.38 2030.46 
  86 2153.50 1846.02 2030.46 
  87 2049.55 1253.58 2153.50 
  88 2181.94 1381.08 2153.50 
  89 2147.71 1682.73 2181.94 
  90 2199.30 1923.17 2181.94 
  91 2303.89 2235.06 2199.30 
  92 2500.05 2695.62 2303.89 
  93 2361.15 2613.25 2500.05 
  94 2301.42 2697.26 2500.05 
  95 2458.47 2682.51 2500.05 
  96 2560.40 2776.69 2500.05 
  97 2607.54 2344.32 2560.40 
  98 2589.40 2646.25 2607.54 
  99 2545.72 2642.26 2607.54 
 100 2652.13 2843.91 2607.54 
 101 2591.08 3127.81 2652.13 
 102 2760.72 2729.59 2652.13 
 103 2778.09 2855.44 2760.72 
 104 2942.24 2923.73 2778.09 
 105 2686.99 2962.58 2942.24 
 106 2840.74 2771.52 2942.24 
 107 2714.19 2924.90 2942.24 
 108 3085.14 3306.10 2942.24 
 109 2960.33 3095.96 3085.14 
 110 2856.60 2930.26 3085.14 
 111 2859.51 3199.01 3085.14 
 112 2941.26 3169.65 3085.14 
 113 2928.45 3009.49 3085.14 
 114 2913.05 2989.75 3085.14 
 115 3017.50 2846.49 3085.14 
 116 3013.45 2725.82 3085.14 
 117 2941.84 2719.77 3085.14 
 118 2866.74 2707.53 3085.14 
 119 3111.71 2830.80 3085.14 
 120 2861.24 3240.05 3111.71 
 121 2950.27 2670.45 3111.71 
 122 2986.29 2983.36 3111.71 
 123 3177.72 2909.25 3111.71 
 124 2988.00 2973.32 3177.72 
 125 3101.39 2952.81 3177.72 
 126 3306.72 3347.78 3177.72 
 127 3205.08 3464.38 3306.72 
 128 3279.87 3218.26 3306.72 
 129 3359.24 3380.51 3306.72 
 130 3290.46 3169.33 3359.24 
 131 3098.61 3326.92 3359.24 
 132 3471.77 3307.80 3359.24 
 133 3348.93 3334.96 3471.77 
 134 3533.01 3488.81 3471.77 
 135 3319.50 3395.71 3533.01 
 136 3384.03 3400.32 3533.01 
 137 3515.18 3205.77 3533.01 
 138 3251.40 3269.85 3533.01 
 139 3405.87 3401.05 3533.01 
 140 3351.92 3310.78 3533.01 
 141 3471.28 3417.47 3533.01 
 142 3526.18 3131.49 3533.01 
 143 3529.09 3408.24 3533.01 
 144 3607.92 3618.67 3533.01 
 145 3557.50 3343.89 3607.92 
 146 3517.25 3395.95 3607.92 
 147 3605.39 3313.68 3607.92 
 148 3588.20 3469.21 3607.92 
 149 3708.30 2947.88 3607.92 
