Iter | Sampling Pol | Evaluation Pol | Best (Sampled) 
   0 -3.01 -4.19 -100000000.00 
   1 -2.24 -3.83 -3.01 
   2 -2.69 -3.09 -2.24 
   3  0.60 -1.39 -2.24 
   4  1.95  0.20  0.60 
   5 -0.95 -0.16  1.95 
   6 -0.57  3.73  1.95 
   7  2.39 11.86  1.95 
   8 -0.72  2.93  2.39 
   9 -0.75  6.66  2.39 
  10 -1.54  8.16  2.39 
  11 -1.15  7.80  2.39 
  12 -0.08 13.57  2.39 
  13 -0.73 17.66  2.39 
  14  4.79 30.66  2.39 
  15  5.12 37.91  4.79 
  16  2.14 27.85  5.12 
  17  4.67 26.27  5.12 
  18  4.01 25.56  5.12 
  19  5.50 58.78  5.12 
  20  7.89 41.48  5.50 
  21  4.48 25.02  7.89 
  22  5.88 13.47  7.89 
  23 11.05 11.18  7.89 
  24 10.84 13.15 11.05 
  25  8.94 18.82 11.05 
  26 29.98 35.80 11.05 
  27 29.22 19.92 29.98 
  28 14.15 39.10 29.98 
  29 18.24 31.93 29.98 
  30 14.61 25.74 29.98 
  31 20.54 33.02 29.98 
  32 26.08 52.18 29.98 
  33 21.16 98.74 29.98 
  34 11.98 116.85 29.98 
  35 45.80 160.19 29.98 
  36 46.78 83.10 45.80 
  37 53.10 84.41 46.78 
  38 40.88 137.78 53.10 
  39 49.84 117.60 53.10 
  40 43.93 157.81 53.10 
  41 59.46 144.95 53.10 
  42 58.09 213.33 59.46 
  43 74.98 276.67 59.46 
  44 74.62 211.63 74.98 
  45 91.25 177.89 74.98 
  46 134.18 297.44 91.25 
  47 123.59 322.22 134.18 
  48 159.22 324.12 134.18 
  49 150.57 420.31 159.22 
  50 161.43 400.48 159.22 
  51 227.42 463.95 161.43 
  52 230.65 356.54 227.42 
  53 261.99 460.01 230.65 
  54 338.39 566.10 261.99 
  55 302.17 576.76 338.39 
  56 330.17 566.49 338.39 
  57 390.11 450.90 338.39 
  58 410.35 604.33 390.11 
  59 414.80 649.44 410.35 
  60 520.05 1133.44 414.80 
  61 591.06 982.98 520.05 
  62 559.36 1061.51 591.06 
  63 673.69 998.73 591.06 
  64 837.99 1116.40 673.69 
  65 709.91 1210.71 837.99 
  66 839.56 1134.71 837.99 
  67 1040.45 1510.53 839.56 
  68 1100.16 1614.85 1040.45 
  69 976.22 1637.79 1100.16 
  70 1039.61 1505.90 1100.16 
  71 1180.31 1842.64 1100.16 
  72 1210.20 1830.01 1180.31 
  73 1270.39 1808.68 1210.20 
  74 1392.95 1884.43 1270.39 
  75 1554.87 1892.26 1392.95 
  76 1398.94 1997.55 1554.87 
  77 1561.32 1925.44 1554.87 
  78 1650.51 2064.69 1561.32 
  79 1637.79 2347.45 1650.51 
  80 1660.30 1720.59 1650.51 
  81 1852.97 1908.76 1660.30 
  82 1962.02 2202.56 1852.97 
  76 1578.14 2124.43 -100000000.00 
  77 1573.26 2204.28 1578.14 
  78 1801.00 2566.29 1578.14 
  79 1667.62 2359.62 1801.00 
  80 1824.17 2202.24 1801.00 
  81 1845.24 2346.10 1824.17 
  82 1990.39 2563.55 1845.24 
  83 1889.20 2302.97 1990.39 
  84 2002.39 2438.49 1990.39 
  85 2052.73 2576.45 2002.39 
  86 1996.48 2310.91 2052.73 
  87 2205.60 2500.04 2052.73 
  88 2288.08 2468.10 2205.60 
  89 2365.41 2750.34 2288.08 
  90 2340.06 2623.31 2365.41 
  91 2421.21 2860.76 2365.41 
  92 2403.62 3013.76 2421.21 
  93 2570.18 3082.09 2421.21 
  94 2538.97 3077.71 2570.18 
  95 2579.86 2912.88 2570.18 
  96 2622.07 3303.25 2579.86 
  97 2647.64 3183.17 2622.07 
  98 2822.67 3169.34 2647.64 
  99 2861.95 3450.02 2822.67 
 100 3027.98 3467.74 2861.95 
 101 2973.86 3515.17 3027.98 
 102 2970.19 3746.17 3027.98 
 103 2932.89 3464.70 3027.98 
 104 2930.50 3330.85 3027.98 
 105 3123.71 3337.10 3027.98 
 106 2984.82 3202.70 3123.71 
 107 2929.06 3163.64 3123.71 
 108 3125.32 3299.24 3123.71 
 109 3165.51 3318.14 3125.32 
 110 3304.25 3388.60 3165.51 
 111 3338.50 3272.32 3304.25 
 112 3294.64 3414.62 3338.50 
 113 3121.76 3352.45 3338.50 
 114 3403.97 3210.31 3338.50 
 115 3426.07 3466.86 3403.97 
 116 3485.39 3199.04 3426.07 
 117 3609.97 3476.97 3485.39 
 118 3583.22 3443.14 3609.97 
 119 3393.85 3509.60 3609.97 
 120 3544.05 3256.43 3609.97 
 121 3545.54 3293.44 3609.97 
 122 3707.97 3529.70 3609.97 
 123 3505.91 3605.02 3707.97 
 124 3573.47 3680.94 3707.97 
 125 3725.87 3732.77 3707.97 
 126 3482.36 3235.42 3725.87 
 127 3558.74 3301.50 3725.87 
 128 3711.00 3362.57 3725.87 
 129 3748.81 3125.55 3725.87 
 130 3807.85 3447.39 3748.81 
 131 3638.30 3340.34 3807.85 
 132 3779.77 3502.72 3807.85 
 133 3780.50 3489.85 3807.85 
 134 3796.76 3656.85 3807.85 
 135 3771.59 3819.17 3807.85 
 136 3720.07 3642.78 3807.85 
 137 3911.70 3345.38 3807.85 
 138 3814.33 3314.24 3911.70 
 139 3791.27 3395.53 3911.70 
 140 3869.03 3493.45 3911.70 
 141 3845.08 3334.85 3911.70 
 142 3953.67 3415.69 3911.70 
 143 3927.16 3669.42 3953.67 
 144 3988.70 3578.89 3953.67 
 145 3845.13 3563.91 3988.70 
 146 4038.22 3606.04 3988.70 
 147 4039.97 3747.22 4038.22 
 148 3934.91 3535.97 4039.97 
 149 4018.10 4044.90 4039.97 
