Iter | Sampling Pol | Evaluation Pol | Best (Sampled) 
   0 -0.96 -4.43 -100000000.00 
   1 -3.35 -4.15 -0.96 
   2 -1.93 -1.93 -0.96 
   3  4.29 12.10 -0.96 
   4  1.81 -4.03  4.29 
   5 -3.41 -4.00  4.29 
   6  6.98 -4.01  4.29 
   7  1.53 -3.04  6.98 
   8 -2.36  5.79  6.98 
   9 -3.17  8.91  6.98 
  10  1.23  7.99  6.98 
  11  0.62  6.55  6.98 
  12  0.43  3.04  6.98 
  13 -0.51  1.00  6.98 
  14  0.84 -2.88  6.98 
  15  1.41 -3.82  6.98 
  16  5.98  2.69  6.98 
  17 -0.39 -4.02  6.98 
  18  0.04 -0.86  6.98 
  19 -0.02 -1.60  6.98 
  20  1.95 -2.09  6.98 
  21  3.59 -1.16  6.98 
  22  2.60  5.77  6.98 
  23  5.49  5.67  6.98 
  24  2.53 -1.19  6.98 
  25  7.20 10.56  6.98 
  26 10.69 12.04  7.20 
  27  4.37  6.09 10.69 
  28 13.24  4.58 10.69 
  29  7.94 13.68 13.24 
  30 12.25 11.90 13.24 
  31 14.10 12.84 13.24 
  32 11.41 37.64 14.10 
  33 16.23 22.73 14.10 
  34 12.14 36.06 16.23 
  35 13.64 51.08 16.23 
  36 16.22 25.51 16.23 
  37 22.34 20.58 16.23 
  38 28.84 17.61 22.34 
  39 21.33 21.99 28.84 
  40 29.76 25.14 28.84 
  41 26.07 17.66 29.76 
  42 29.33 23.44 29.76 
  43 35.23 29.09 29.76 
  44 24.97 37.94 35.23 
  45 22.69 35.38 35.23 
  46 32.04 47.36 35.23 
  47 36.06 38.13 35.23 
  48 39.57 51.73 36.06 
  49 33.26 42.92 39.57 
  50 40.62 36.77 39.57 
  51 71.63 25.69 40.62 
  52 45.63 47.90 71.63 
  53 54.53 15.61 71.63 
  54 84.11 71.67 71.63 
  55 65.78 129.53 84.11 
  56 78.44 157.54 84.11 
  57 60.23 128.86 84.11 
  58 85.57 72.97 84.11 
  59 83.86 182.16 85.57 
  60 89.34 101.66 85.57 
  61 88.87 140.05 89.34 
  62 95.53 78.95 89.34 
  63 96.99 125.59 95.53 
  64 114.15 70.85 96.99 
  65 120.16 78.35 114.15 
  66 127.54 83.33 120.16 
  67 102.62 140.85 127.54 
  68 146.34 100.57 127.54 
  69 147.03 139.74 146.34 
  70 168.84 259.77 147.03 
  71 188.43 151.00 168.84 
  72 142.58 99.43 188.43 
  73 189.77 121.33 188.43 
  74 189.55 207.70 189.77 
  75 195.44 227.52 189.77 
  76 229.87 203.66 195.44 
  77 295.53 388.09 229.87 
  78 257.09 435.66 295.53 
  79 325.22 368.00 295.53 
  80 346.20 387.17 325.22 
  81 278.31 450.39 346.20 
  82 308.39 543.26 346.20 
  83 485.15 596.37 346.20 
  84 453.47 772.24 485.15 
  85 508.61 967.05 485.15 
  86 499.44 985.38 508.61 
  87 763.30 1386.82 508.61 
  88 748.80 1503.59 763.30 
  89 754.92 1078.74 763.30 
  90 871.66 1347.06 763.30 
  91 1005.97 1393.51 871.66 
  92 968.90 1597.83 1005.97 
  93 1083.80 1730.33 1005.97 
  94 1357.91 1835.01 1083.80 
  95 1310.94 1762.44 1357.91 
  96 1411.61 1816.62 1357.91 
  97 1462.28 1797.05 1411.61 
  98 1519.60 1960.61 1462.28 
  99 1565.04 1827.07 1519.60 
