Iter | Sampling Pol | Evaluation Pol | Best (Sampled) 
   0 -3.84 -4.17 -100000000.00 
   1 -4.02 -4.05 -3.84 
   2 -2.45 -3.82 -3.84 
   3 -2.15 -2.77 -2.45 
   4 -0.18 -2.60 -2.15 
   5 -2.08 -2.90 -0.18 
   6  1.83 -2.07 -0.18 
   7 -0.22  0.54  1.83 
   8  4.75  1.21  1.83 
   9  0.35  8.58  4.75 
  10  9.11 -1.42  4.75 
  11  7.94 -1.92  9.11 
  12  6.01 -3.16  9.11 
  13  3.75 -3.14  9.11 
  14 14.24 -3.03  9.11 
  15  5.21  0.08 14.24 
  16  5.83  0.28 14.24 
  17  8.97  1.93 14.24 
  18 11.39 -2.86 14.24 
  19 16.96 -0.06 14.24 
  20 14.73 55.09 16.96 
  21 34.68 18.16 16.96 
  22 11.45 11.95 34.68 
  23 19.83 17.50 34.68 
  24 20.28 22.78 34.68 
  25 27.29 35.11 34.68 
  26 36.08 96.93 34.68 
  27 29.34 126.29 36.08 
  28 27.71 41.56 36.08 
  29 30.40 52.76 36.08 
  30 33.42 117.21 36.08 
  31 25.64 67.86 36.08 
  32 47.92 87.57 36.08 
  33 37.17 58.22 47.92 
  34 50.54 101.44 47.92 
  35 53.61 84.16 50.54 
  36 76.80 67.85 53.61 
  37 69.91 59.22 76.80 
  38 92.75 60.16 76.80 
  39 76.77 123.84 92.75 
  40 106.49 78.15 92.75 
  41 101.11 210.44 106.49 
  42 123.13 279.08 106.49 
  43 116.94 259.29 123.13 
  44 132.97 294.27 123.13 
  45 112.95 358.49 132.97 
  46 149.17 308.36 132.97 
  47 111.24 287.14 149.17 
  48 205.00 467.93 149.17 
  49 181.86 435.21 205.00 
  50 176.73 388.91 205.00 
  51 208.07 493.18 205.00 
  52 213.45 579.36 208.07 
  53 214.95 471.19 213.45 
  54 295.17 433.95 214.95 
  55 230.67 492.55 295.17 
  56 285.75 712.78 295.17 
  57 378.25 682.22 295.17 
  58 362.71 712.41 378.25 
  59 372.48 765.93 378.25 
  60 439.39 1061.38 378.25 
  61 504.02 1263.02 439.39 
  62 548.73 1167.73 504.02 
  63 617.93 1324.10 548.73 
  64 630.29 1136.09 617.93 
  65 665.82 1376.64 630.29 
  66 654.42 1212.71 665.82 
  67 729.67 1232.62 665.82 
  68 862.03 1747.46 729.67 
  69 781.16 1542.07 862.03 
  70 908.76 1613.70 862.03 
  71 892.64 1769.74 908.76 
  72 1068.53 1675.02 908.76 
  73 1159.29 1952.07 1068.53 
  74 1182.46 1678.21 1159.29 
  75 1330.97 1451.61 1182.46 
  76 1447.49 1597.96 1330.97 
  77 1427.24 1915.58 1447.49 
  78 1606.93 2133.60 1447.49 
  79 1660.65 2059.88 1606.93 
  80 1676.81 2135.91 1660.65 
  81 1823.02 2301.94 1676.81 
  82 1930.19 1996.52 1823.02 
  83 1963.26 2324.09 1930.19 
  84 2153.77 2408.99 1963.26 
  85 2042.45 2325.64 2153.77 
  86 2098.91 2241.97 2153.77 
  87 2395.17 2515.39 2153.77 
  88 2454.77 2469.04 2395.17 
  89 2463.73 2862.84 2454.77 
  90 2713.12 2735.23 2463.73 
  91 2546.78 2792.28 2713.12 
  92 2538.01 2947.37 2713.12 
  93 2587.85 2791.50 2713.12 
  94 2821.34 3126.87 2713.12 
  95 2798.99 2972.49 2821.34 
  96 3033.30 3199.07 2821.34 
  97 3008.49 3446.56 3033.30 
  98 2976.11 3198.65 3033.30 
  99 3017.01 3336.95 3033.30 
