Iter | Sampling Pol | Evaluation Pol | Best (Sampled) 
   0 -3.12 -3.99 -100000000.00 
   1 -1.98 -3.37 -3.12 
   2  2.74 -3.28 -1.98 
   3 -2.53 -3.02  2.74 
   4 -0.93 14.61  2.74 
   5 -0.29  4.51  2.74 
   6  0.90  7.33  2.74 
   7 -0.59 11.85  2.74 
   8  0.62  3.80  2.74 
   9  2.30  0.93  2.74 
  10  1.06  4.41  2.74 
  11  2.21  3.22  2.74 
  12  3.66 27.80  2.74 
  13  7.33  5.52  3.66 
  14 11.39  9.98  7.33 
  15  9.60  5.86 11.39 
  16 12.44 47.81 11.39 
  17 13.45 20.49 12.44 
  18 17.88 40.35 13.45 
  19 14.47 37.08 17.88 
  20 11.99 54.17 17.88 
  21 23.33 31.13 17.88 
  22 21.33 43.32 23.33 
  23 34.87 30.87 23.33 
  24 29.73 81.28 34.87 
  25 39.85 65.73 34.87 
  26 35.97 84.80 39.85 
  27 42.54 51.16 39.85 
  28 41.47 81.75 42.54 
  29 45.02 44.59 42.54 
  30 48.99 35.89 45.02 
  31 44.63 72.41 48.99 
  32 61.93 138.21 48.99 
  33 68.50 63.91 61.93 
  34 77.97 87.67 68.50 
  35 60.01 110.47 77.97 
  36 93.05 76.35 77.97 
  37 86.32 53.12 93.05 
  38 91.55 39.60 93.05 
  39 143.01 158.27 93.05 
  40 118.70 46.11 143.01 
  41 157.56 31.78 143.01 
  42 147.74 79.29 157.56 
  43 154.87 111.64 157.56 
  44 215.13 58.00 157.56 
  45 170.93 100.40 215.13 
  46 241.86 80.36 215.13 
  47 281.40 179.75 241.86 
  48 249.84 120.30 281.40 
  49 314.12 154.59 281.40 
  50 332.26 166.13 314.12 
  51 355.16 182.05 332.26 
  52 370.47 341.33 355.16 
  53 317.69 349.90 370.47 
  54 461.06 218.69 370.47 
  55 494.55 242.60 461.06 
  56 474.73 307.31 494.55 
  57 566.86 337.75 494.55 
  58 616.02 359.78 566.86 
  59 577.18 286.60 616.02 
  60 626.12 490.58 616.02 
  61 779.61 522.46 626.12 
  62 708.92 545.53 779.61 
  63 781.50 614.31 779.61 
  64 887.81 815.37 781.50 
  65 907.34 968.15 887.81 
  66 1057.43 941.29 907.34 
  67 986.73 1021.85 1057.43 
  68 1220.48 840.96 1057.43 
  69 1136.72 861.11 1220.48 
  70 1291.04 1081.15 1220.48 
  71 1257.09 954.57 1291.04 
  72 1392.85 1331.43 1291.04 
  73 1383.15 1356.92 1392.85 
  74 1487.23 1307.68 1392.85 
  75 1521.78 1456.76 1487.23 
  76 1557.28 1578.43 1521.78 
  77 1705.14 1464.89 1557.28 
  78 1696.01 1527.32 1705.14 
  79 1701.74 1630.43 1705.14 
  80 2015.04 1631.62 1705.14 
  81 1922.76 2014.14 2015.04 
  82 1995.30 2124.20 2015.04 
  83 2048.92 1830.62 2015.04 
  84 2055.68 1911.42 2048.92 
  85 2009.99 2079.32 2055.68 
  86 2323.25 2219.23 2055.68 
  87 2339.53 1961.75 2323.25 
  88 2222.39 2108.81 2339.53 
  89 2333.34 2246.53 2339.53 
  90 2395.68 2121.64 2339.53 
  91 2471.75 2483.97 2395.68 
  92 2524.96 2563.90 2471.75 
  93 2397.72 2701.59 2524.96 
  94 2606.01 2652.99 2524.96 
  95 2681.47 2753.29 2606.01 
  96 2560.81 2560.37 2681.47 
  97 2544.95 2437.52 2681.47 
  98 2624.33 3033.87 2681.47 
  99 2616.21 3100.81 2681.47 
 100 2695.51 3095.48 2681.47 
 101 2665.09 3300.54 2695.51 
 102 3042.30 3085.05 2695.51 
 103 2736.05 3184.97 3042.30 
 104 2946.30 3325.30 3042.30 
 105 2923.11 3333.71 3042.30 
 106 2905.45 3276.49 3042.30 
 107 2875.82 3114.21 3042.30 
 108 3145.57 3083.93 3042.30 
 109 3001.31 3095.89 3145.57 
 110 3077.90 2926.05 3145.57 
 111 3279.35 3184.27 3145.57 
 112 3156.28 3290.57 3279.35 
 113 3131.99 3193.78 3279.35 
 114 3140.26 3053.33 3279.35 
 115 3286.39 3311.10 3279.35 
 116 3169.95 3087.70 3286.39 
 117 3235.71 3018.62 3286.39 
 118 3246.08 3078.26 3286.39 
 119 3289.14 3350.88 3286.39 
 120 3310.89 3272.98 3289.14 
 121 3344.01 3261.35 3310.89 
 122 3363.07 3254.12 3344.01 
 123 3323.24 3453.19 3363.07 
 124 3443.31 3686.47 3363.07 
 125 3520.51 3545.88 3443.31 
 126 3432.28 3479.80 3520.51 
 127 3510.97 3446.39 3520.51 
 128 3443.72 3552.19 3520.51 
 129 3486.77 3593.54 3520.51 
 130 3476.13 3660.37 3520.51 
 131 3529.84 3636.46 3520.51 
 132 3552.96 3833.69 3529.84 
 133 3596.97 3872.77 3552.96 
 134 3538.69 3751.97 3596.97 
 135 3625.45 3845.08 3596.97 
 136 3515.59 3790.95 3625.45 
 137 3635.58 3805.89 3625.45 
 138 3573.05 3685.22 3635.58 
 139 3647.60 3597.38 3635.58 
 140 3587.88 3325.31 3647.60 
 141 3743.69 3562.58 3647.60 
 142 3623.26 3618.82 3743.69 
 143 3478.37 3663.94 3743.69 
 144 3671.97 3742.15 3743.69 
 145 3721.73 3498.55 3743.69 
 146 3692.76 3541.55 3743.69 
 147 3644.84 3881.52 3743.69 
 148 3663.71 3921.55 3743.69 
 149 3703.25 3803.09 3743.69 
