Iter | Sampling Pol | Evaluation Pol | Best (Sampled) 
   0 -2.27 -4.67 -100000000.00 
   1 -3.18 -4.42 -2.27 
   2 -1.75 -3.56 -2.27 
   3 -0.85 -2.19 -1.75 
   4 -0.74 -0.32 -0.85 
   5  1.43  0.17 -0.74 
   6 -1.44  8.99  1.43 
   7  2.98  9.08  1.43 
   8  3.61  4.86  2.98 
   9  2.18  3.51  3.61 
  10  2.56  6.88  3.61 
  11  0.84 10.49  3.61 
  12  2.92 15.50  3.61 
  13  1.92 35.12  3.61 
  14  6.73 17.44  3.61 
  15  9.89 18.95  6.73 
  16  8.80 26.82  9.89 
  17 14.86 36.86  9.89 
  18 20.05 56.05 14.86 
  19 21.37 94.79 20.05 
  20 23.50 73.53 21.37 
  21 33.36 62.47 23.50 
  22 35.76 109.05 33.36 
  23 32.01 103.26 35.76 
  24 35.77 99.83 35.76 
  25 51.84 65.99 35.77 
  26 71.28 44.89 51.84 
  27 49.41 77.15 71.28 
  28 55.47 69.69 71.28 
  29 50.92 64.85 71.28 
  30 84.85 86.92 71.28 
  31 69.66 235.22 84.85 
  32 91.31 452.67 84.85 
  33 93.48 433.20 91.31 
  34 100.09 532.84 93.48 
  35 156.36 496.75 100.09 
  36 123.26 465.90 156.36 
  37 219.59 582.01 156.36 
  38 246.47 734.95 219.59 
  39 209.71 570.48 246.47 
  40 288.21 510.80 246.47 
  41 315.04 462.21 288.21 
  42 262.21 560.61 315.04 
  43 319.22 669.45 315.04 
  44 438.29 648.98 319.22 
  45 426.94 762.18 438.29 
  46 482.97 907.43 438.29 
  47 459.06 1066.50 482.97 
  48 603.87 916.18 482.97 
  49 619.19 1050.95 603.87 
  50 773.55 1448.54 619.19 
  51 807.04 1310.60 773.55 
  52 824.07 1499.80 807.04 
  53 853.80 1263.10 824.07 
  54 1122.56 1431.43 853.80 
  55 1099.70 1691.85 1122.56 
  56 1038.42 1793.91 1122.56 
  57 1092.23 1776.22 1122.56 
  58 1181.32 1948.32 1122.56 
  59 1261.92 2107.00 1181.32 
  60 1387.68 2251.28 1261.92 
  61 1548.47 2464.85 1387.68 
  62 1517.87 1976.72 1548.47 
  63 1682.19 2035.34 1548.47 
  64 1821.04 2070.14 1682.19 
  65 1876.07 2193.36 1821.04 
  66 1884.07 2154.29 1876.07 
  67 1994.98 2206.78 1884.07 
  68 2241.17 2285.26 1994.98 
  69 2075.73 2305.64 2241.17 
  70 2110.52 2536.99 2241.17 
  71 2331.58 2502.29 2241.17 
  72 2325.40 2545.99 2331.58 
  73 2472.15 2142.85 2331.58 
  74 2674.11 2498.97 2472.15 
  75 2553.70 2533.62 2674.11 
  76 2600.00 2265.86 2674.11 
  77 2676.35 2390.04 2674.11 
  78 2884.16 2351.95 2676.35 
  79 2779.73 2402.94 2884.16 
  80 2937.83 2516.55 2884.16 
  81 2910.20 2778.60 2937.83 
  82 2896.27 2694.89 2937.83 
  83 3013.98 2990.20 2937.83 
  84 3066.93 2838.02 3013.98 
  85 3011.50 2816.97 3066.93 
  86 3088.98 2800.32 3066.93 
  87 3252.04 2867.00 3088.98 
  88 3299.81 2713.47 3252.04 
  89 3228.37 2663.00 3299.81 
  90 3306.60 2376.49 3299.81 
  91 3285.24 2375.85 3306.60 
  92 3473.63 2866.84 3306.60 
  93 3473.94 2465.22 3473.63 
  94 3422.14 2396.05 3473.94 
  95 3396.60 2364.18 3473.94 
  96 3510.24 2599.61 3473.94 
  97 3648.33 2810.45 3510.24 
  98 3494.62 2890.19 3648.33 
  99 3522.45 2703.53 3648.33 
