Iter | Sampling Pol | Evaluation Pol | Best (Sampled) 
   0 -2.78 -4.10 -100000000.00 
   1 -3.64 -3.11 -2.78 
   2 -2.50 -0.29 -2.78 
   3 -3.11 -1.45 -2.50 
   4 -1.23  1.56 -2.50 
   5 -0.57 -2.42 -1.23 
   6  2.50 -2.75 -0.57 
   7  1.05  1.30  2.50 
   8  3.76 -1.03  2.50 
   9  4.82  8.67  3.76 
  10  3.76  5.10  4.82 
  11  8.88 32.13  4.82 
  12  8.36  1.27  8.88 
  13 12.11  6.19  8.88 
  14  5.95 12.93 12.11 
  15 16.48 35.73 12.11 
  16 12.40 27.09 16.48 
  17  7.11 45.94 16.48 
  18 22.75  0.47 16.48 
  19 12.81 12.39 22.75 
  20 21.34 43.61 22.75 
  21 19.10 21.51 22.75 
  22 34.81 15.26 22.75 
  23 25.16 13.18 34.81 
  24 27.28  8.89 34.81 
  25 37.43 14.83 34.81 
  26 35.54  7.14 37.43 
  27 44.84 -0.88 37.43 
  28 46.94 15.55 44.84 
  29 66.55  5.89 46.94 
  30 53.91 12.20 66.55 
  31 75.84  5.95 66.55 
  32 83.49  8.93 75.84 
  33 85.68 22.23 83.49 
  34 86.87  4.65 85.68 
  35 121.88 19.77 86.87 
  36 119.02 21.11 121.88 
  37 105.63 29.19 121.88 
  38 119.77 21.35 121.88 
  39 143.01 80.14 121.88 
  40 182.99 90.47 143.01 
  41 212.39 174.98 182.99 
  42 233.37 157.59 212.39 
  43 233.88 173.20 233.37 
  44 217.19 272.54 233.88 
  45 304.68 201.40 233.88 
  46 267.83 227.43 304.68 
  47 276.69 240.37 304.68 
  48 298.03 279.10 304.68 
  49 347.64 215.48 304.68 
  50 374.00 266.38 347.64 
  51 416.91 155.97 374.00 
  52 545.91 210.00 416.91 
  53 494.35 254.04 545.91 
  54 560.03 426.32 545.91 
  55 552.06 357.67 560.03 
  56 640.11 413.46 560.03 
  57 662.40 471.32 640.11 
  58 766.83 305.99 662.40 
  59 754.50 463.58 766.83 
  60 822.71 629.87 766.83 
  61 874.46 700.00 822.71 
  62 800.26 756.54 874.46 
  63 1034.96 731.51 874.46 
  64 1103.69 888.56 1034.96 
  65 1128.10 767.00 1103.69 
  66 1151.68 908.71 1128.10 
  67 1144.75 1118.02 1151.68 
  68 1416.76 1503.18 1151.68 
  69 1363.58 1505.61 1416.76 
  70 1425.74 1310.48 1416.76 
  71 1450.61 1316.84 1425.74 
  72 1572.45 1818.67 1450.61 
  73 1575.47 1893.66 1572.45 
  74 1634.14 1876.36 1575.47 
  75 1766.44 1990.87 1634.14 
  76 1708.97 2104.93 1766.44 
  77 1854.08 2258.48 1766.44 
  78 2003.08 2306.31 1854.08 
  79 1839.15 2201.97 2003.08 
  80 1899.15 1994.25 2003.08 
  81 2038.53 1936.55 2003.08 
  82 1983.47 2400.76 2038.53 
  83 2027.85 2434.52 2038.53 
  84 2073.80 2452.46 2038.53 
  85 2072.18 2296.52 2073.80 
  86 2227.95 2300.67 2073.80 
  87 2271.84 2221.63 2227.95 
  88 2249.63 2342.85 2271.84 
  89 2510.65 2529.13 2271.84 
  90 2355.48 2650.47 2510.65 
  91 2468.93 2406.75 2510.65 
  92 2518.02 2612.11 2510.65 
  93 2577.22 2636.67 2518.02 
  94 2566.03 2650.74 2577.22 
  95 2645.52 2746.47 2577.22 
  96 2765.68 2694.74 2645.52 
  97 2761.76 2520.47 2765.68 
  98 2867.31 2631.70 2765.68 
  99 2817.69 2707.84 2867.31 
 100 2787.66 2654.44 2867.31 
 101 3039.36 2512.27 2867.31 
 102 2727.81 2613.77 3039.36 
 103 2778.45 2734.12 3039.36 
 104 2886.83 2389.08 3039.36 
 105 3003.64 2303.88 3039.36 
 106 3030.21 2644.79 3039.36 
 107 2900.17 2720.37 3039.36 
 108 3007.90 2813.41 3039.36 
 109 3110.25 3006.29 3039.36 
 110 3079.78 3094.98 3110.25 
 111 3124.39 2991.27 3110.25 
 112 3278.52 2981.98 3124.39 
 113 3227.96 3256.36 3278.52 
 114 3305.39 2885.04 3278.52 
 115 3271.84 2697.68 3305.39 
 116 3148.17 2587.41 3305.39 
 117 3246.66 2702.31 3305.39 
 118 3344.20 3392.24 3305.39 
 119 3342.41 3194.78 3344.20 
 120 3240.75 3126.56 3344.20 
 121 3384.04 3458.65 3344.20 
 122 3398.37 3489.01 3384.04 
 123 3151.75 3250.56 3398.37 
 124 3440.78 3257.47 3398.37 
 125 3267.09 2662.45 3440.78 
 126 3508.86 2809.65 3440.78 
 127 3473.65 2999.19 3508.86 
 128 3562.57 2577.36 3508.86 
 129 3504.94 2983.54 3562.57 
 130 3383.16 3148.04 3562.57 
 131 3447.89 2937.92 3562.57 
 132 3402.89 2839.03 3562.57 
 133 3509.74 2792.04 3562.57 
 134 3603.02 2987.15 3562.57 
 135 3595.24 2970.93 3603.02 
 136 3492.31 3085.93 3603.02 
 137 3629.21 3047.38 3603.02 
 138 3635.25 2838.11 3629.21 
 139 3510.69 3030.19 3635.25 
 140 3648.63 3100.24 3635.25 
 141 3692.87 3444.21 3648.63 
 142 3713.86 3476.03 3692.87 
 143 3734.84 3481.47 3713.86 
 144 3677.14 3558.65 3734.84 
 145 3729.41 3595.11 3734.84 
 146 3758.97 3749.48 3734.84 
 147 3633.20 3799.03 3758.97 
 148 3767.32 3553.11 3758.97 
 149 3742.71 3598.88 3767.32 
