Iter | Sampling Pol | Evaluation Pol | Best (Sampled) 
   0 -3.26 -4.52 -100000000.00 
   1 -1.17 -4.32 -3.26 
   2 -2.49 -3.42 -1.17 
   3 -2.33 -2.15 -1.17 
   4  3.69 -2.93 -1.17 
   5 -0.58 -3.83  3.69 
   6  2.03 -1.32  3.69 
   7  2.61  0.15  3.69 
   8  1.28  9.86  3.69 
   9  3.30  4.13  3.69 
  10 10.02 -2.82  3.69 
  11  4.58  5.89 10.02 
  12  1.79 -0.50 10.02 
  13  5.32  1.63 10.02 
  14  5.40  3.86 10.02 
  15  2.23 10.24 10.02 
  16  1.60 -1.31 10.02 
  17  1.52 -0.32 10.02 
  18  7.96  4.58 10.02 
  19 10.91  3.53 10.02 
  20 10.92  5.70 10.91 
  21 12.46  9.71 10.92 
  22 11.04  3.17 12.46 
  23 10.24 13.95 12.46 
  24 17.41 23.61 12.46 
  25 19.88  6.45 17.41 
  26 16.35 18.38 19.88 
  27 26.03  8.06 19.88 
  28 29.76  6.05 26.03 
  29 18.84 12.89 29.76 
  30 29.10 16.93 29.76 
  31 27.04 27.00 29.76 
  32 22.52 38.01 29.76 
  33 41.67 54.14 29.76 
  34 40.37 63.77 41.67 
  35 42.61 115.96 41.67 
  36 64.30 53.33 42.61 
  37 47.07 127.74 64.30 
  38 72.14 51.28 64.30 
  39 94.45 78.05 72.14 
  40 79.37 206.12 94.45 
  41 86.11 168.62 94.45 
  42 108.95 249.19 94.45 
  43 103.66 154.80 108.95 
  44 133.66 155.08 108.95 
  45 113.85 177.47 133.66 
  46 139.26 212.36 133.66 
  47 109.58 261.62 139.26 
  48 177.23 304.17 139.26 
  49 175.31 289.34 177.23 
  50 186.71 332.92 177.23 
  51 203.00 284.51 186.71 
  52 258.39 411.56 203.00 
  53 226.79 407.64 258.39 
  54 241.60 398.74 258.39 
  55 280.35 496.11 258.39 
  56 268.05 436.00 280.35 
  57 316.89 364.86 280.35 
  58 336.93 518.34 316.89 
  59 391.96 491.70 336.93 
  60 400.21 592.13 391.96 
  61 487.89 814.54 400.21 
  62 448.79 703.90 487.89 
  63 628.53 851.62 487.89 
  64 576.47 1041.24 628.53 
  65 615.06 1074.87 628.53 
  66 653.16 921.46 628.53 
  67 730.34 1185.92 653.16 
  68 853.51 1194.36 730.34 
  69 775.68 1376.74 853.51 
  70 881.08 1311.55 853.51 
  71 847.94 1421.46 881.08 
  72 1021.99 1441.02 881.08 
  73 932.55 1363.08 1021.99 
  74 1075.81 1358.48 1021.99 
  75 1130.25 1592.96 1075.81 
  76 1233.06 1541.34 1130.25 
  77 1448.89 1343.53 1233.06 
  78 1420.10 1663.27 1448.89 
  79 1312.50 2009.19 1448.89 
  80 1456.56 1779.96 1448.89 
  81 1451.77 1854.88 1456.56 
  82 1630.22 1399.24 1456.56 
  83 1829.97 1384.71 1630.22 
  84 1696.56 1474.22 1829.97 
  85 1792.68 2142.89 1829.97 
  86 1841.06 1953.88 1829.97 
  87 1945.78 2424.87 1841.06 
  88 2026.94 2704.12 1945.78 
  89 2102.03 2440.35 2026.94 
  90 2122.56 2827.54 2102.03 
  91 2243.23 2396.13 2122.56 
  92 2345.17 2614.73 2243.23 
  93 2336.13 2474.26 2345.17 
  94 2372.95 2317.43 2345.17 
  95 2583.40 2239.37 2372.95 
  96 2589.80 2405.13 2583.40 
  97 2588.16 2693.00 2589.80 
  98 2634.46 3067.04 2589.80 
  99 2672.72 2941.36 2634.46 
 100 2875.54 3039.57 2672.72 
 101 2842.47 2702.59 2875.54 
 102 2891.65 2774.01 2875.54 
 103 2686.53 2815.65 2891.65 
 104 2871.09 2524.36 2891.65 
 105 2957.86 2508.34 2891.65 
 106 2918.35 2567.47 2957.86 
 107 2828.37 2760.98 2957.86 
 108 3065.42 2551.34 2957.86 
 109 3187.43 2783.12 3065.42 
 110 3070.26 2520.59 3187.43 
 111 3215.88 2578.08 3187.43 
 112 3109.57 2745.77 3215.88 
 113 3167.03 2845.46 3215.88 
 114 3330.89 2966.62 3215.88 
 115 3318.75 2922.58 3330.89 
 116 3116.51 3074.49 3330.89 
 117 3215.06 3372.93 3330.89 
 118 3332.25 3167.48 3330.89 
 119 3447.25 3016.24 3332.25 
 120 3275.62 3114.00 3447.25 
 121 3462.33 3380.38 3447.25 
 122 3302.77 3126.16 3462.33 
 123 3519.04 2905.46 3462.33 
 124 3530.16 2683.20 3519.04 
 125 3451.14 3022.18 3530.16 
 126 3356.22 3169.75 3530.16 
 127 3572.87 3064.79 3530.16 
 128 3634.84 3193.64 3572.87 
 129 3678.84 3083.17 3634.84 
 130 3547.03 2770.64 3678.84 
 131 3497.17 3123.79 3678.84 
 132 3700.89 3205.29 3678.84 
 133 3648.36 3049.53 3700.89 
 134 3642.52 2823.43 3700.89 
 135 3797.67 2821.25 3700.89 
 136 3710.48 2993.65 3797.67 
 137 3866.01 3005.91 3797.67 
 138 3797.56 2869.51 3866.01 
 139 3767.35 2969.23 3866.01 
 140 3680.03 3030.55 3866.01 
 141 3737.55 3224.94 3866.01 
 142 3747.52 3289.98 3866.01 
 143 3788.96 3073.45 3866.01 
 144 3799.12 3328.97 3866.01 
 145 3809.00 3387.23 3866.01 
 146 3797.30 3054.95 3866.01 
 147 3800.81 2894.89 3866.01 
 148 3824.18 3017.68 3866.01 
 149 3893.17 2930.57 3866.01 
